OPNAMES;AANTAL
CVW 2000;1529
REGULIER;9126
WOCO;725
